let sudoku = [
    [[2,5,0,7,0,0,0,1,6],[0,6,0,0,0,0,4,2,8],[0,0,0,0,0,0,0,0,0],[0,0,0,0,0,0,0,0,0],[0,0,0,0,0,0,0,0,0],[0,0,0,0,0,0,0,0,0],[0,0,0,0,0,0,0,0,0],[0,0,0,0,0,0,0,0,0],[0,0,0,0,0,0,0,0,0]],
    [[2,5,0,7,0,0,0,1,6],[0,6,0,0,0,0,4,2,8],[0,0,0,0,0,0,0,0,0],[0,0,0,0,0,0,0,0,0],[0,0,0,0,0,0,0,0,0],[0,0,0,0,0,0,0,0,0],[0,0,0,0,0,0,0,0,0],[0,0,0,0,0,0,0,0,0],[0,0,0,0,0,0,0,0,0]],
    [[2,5,0,7,0,0,0,1,6],[0,6,0,0,0,0,4,2,8],[0,0,0,0,0,0,0,0,0],[0,0,0,0,0,0,0,0,0],[0,0,0,0,0,0,0,0,0],[0,0,0,0,0,0,0,0,0],[0,0,0,0,0,0,0,0,0],[0,0,0,0,0,0,0,0,0],[0,0,0,0,0,0,0,0,0]],
    [[2,5,0,7,0,0,0,1,6],[0,6,0,0,0,0,4,2,8],[0,0,0,0,0,0,0,0,0],[0,0,0,0,0,0,0,0,0],[0,0,0,0,0,0,0,0,0],[0,0,0,0,0,0,0,0,0],[0,0,0,0,0,0,0,0,0],[0,0,0,0,0,0,0,0,0],[0,0,0,0,0,0,0,0,0]],
    [[2,5,0,7,0,0,0,1,6],[0,6,0,0,0,0,4,2,8],[0,0,0,0,0,0,0,0,0],[0,0,0,0,0,0,0,0,0],[0,0,0,0,0,0,0,0,0],[0,0,0,0,0,0,0,0,0],[0,0,0,0,0,0,0,0,0],[0,0,0,0,0,0,0,0,0],[0,0,0,0,0,0,0,0,0]],
    [[2,5,0,7,0,0,0,1,6],[0,6,0,0,0,0,4,2,8],[0,0,0,0,0,0,0,0,0],[0,0,0,0,0,0,0,0,0],[0,0,0,0,0,0,0,0,0],[0,0,0,0,0,0,0,0,0],[0,0,0,0,0,0,0,0,0],[0,0,0,0,0,0,0,0,0],[0,0,0,0,0,0,0,0,0]],
    [[2,5,0,7,0,0,0,1,6],[0,6,0,0,0,0,4,2,8],[0,0,0,0,0,0,0,0,0],[0,0,0,0,0,0,0,0,0],[0,0,0,0,0,0,0,0,0],[0,0,0,0,0,0,0,0,0],[0,0,0,0,0,0,0,0,0],[0,0,0,0,0,0,0,0,0],[0,0,0,0,0,0,0,0,0]]

  ];
  
  function generateSudoku() {
    
    let randomnumber = Math.floor(Math.random() * sudoku.length);
    let teller = 0;
    while (teller < sudoku[randomnumber].length) {
      let counter = 0;
      while (counter < sudoku[randomnumber][teller].length) {
        let rij = teller + 1;
        let kolom = counter + 1;
        if (sudoku[randomnumber][teller][counter] !== 0) {
          document.getElementById("inp_" + rij + "_" + kolom).value = sudoku[randomnumber][teller][counter];
          document.getElementById("inp_" + rij + "_" + kolom).disabled = true;
        } else {
          document.getElementById("inp_" + rij + "_" + kolom).value = "";
          document.getElementById("inp_" + rij + "_" + kolom).disabled = false;
        }
        counter++;
      }
      teller++;
    }
  }

